world: f8244e9d-1dc6-4643-a7dd-7bf60f6d9b03
x: -70.5
y: 64.0
z: 111.5
yaw: -174.80140686035156
pitch: 13.500067710876465
name: admin's_house
lastowner: 4c509e33-1fa4-3a6d-ab21-ba93102bf4fb
