world: f8244e9d-1dc6-4643-a7dd-7bf60f6d9b03
x: -49.12908418993441
y: 65.0
z: 75.94747290904641
yaw: 4.557861328125
pitch: 4.575291633605957
name: balai_desa
lastowner: b881e06c-8d18-3a60-bd7c-9480b29ac9c9
