world: 2c238bd2-f71b-4c1a-9719-1d97567efd9e
x: 323.0321486733603
y: 36.0
z: 310.3264409073596
yaw: 126.11402893066406
pitch: 11.006448745727539
name: bastion
lastowner: b881e06c-8d18-3a60-bd7c-9480b29ac9c9
