world: 2c238bd2-f71b-4c1a-9719-1d97567efd9e
x: 782.3867985466849
y: 60.0
z: -407.8820256983693
yaw: -178.41326904296875
pitch: -11.55009937286377
name: blazespawner
lastowner: 3f743a6f-8e8c-3f98-b2f1-6c6b8478cda7
