world: f8244e9d-1dc6-4643-a7dd-7bf60f6d9b03
x: 1845.1456497274955
y: 65.0
z: 3795.219892180157
yaw: -125.58877563476562
pitch: 21.34714698791504
name: coral
lastowner: 35f37d5e-4617-3514-ad3d-d8399ea50532
