world: f8244e9d-1dc6-4643-a7dd-7bf60f6d9b03
x: -105.37312693196642
y: 103.0
z: 67.28654464183451
yaw: -89.30523681640625
pitch: 56.239803314208984
name: creeperafk
lastowner: 35f37d5e-4617-3514-ad3d-d8399ea50532
