world: f8244e9d-1dc6-4643-a7dd-7bf60f6d9b03
x: -154.2596519575742
y: 70.0
z: 694.6242907786763
yaw: 168.37591552734375
pitch: 4.157422065734863
name: desertvillage
lastowner: 35f37d5e-4617-3514-ad3d-d8399ea50532
