world: f8244e9d-1dc6-4643-a7dd-7bf60f6d9b03
x: -376.1132859032945
y: 73.0
z: -4312.34892322378
yaw: -2.4910888671875
pitch: 18.31601333618164
name: desert_outpost
lastowner: b881e06c-8d18-3a60-bd7c-9480b29ac9c9
