world: f8244e9d-1dc6-4643-a7dd-7bf60f6d9b03
x: 1.699999988079071
y: 43.0
z: 102.59774581376193
yaw: -87.1922836303711
pitch: 36.71233367919922
name: enchant
lastowner: 35f37d5e-4617-3514-ad3d-d8399ea50532
