world: 6c0b8e13-7fe5-494a-89ec-d539f188501b
x: -1881.5645275976028
y: 78.0
z: -1237.699999988079
yaw: -24.78411865234375
pitch: 18.66147232055664
name: endcity3
lastowner: 35f37d5e-4617-3514-ad3d-d8399ea50532
