world: 6c0b8e13-7fe5-494a-89ec-d539f188501b
x: -853.5
y: 57.0
z: 586.5
yaw: 136.20445251464844
pitch: 5.249532222747803
name: endcity
lastowner: b881e06c-8d18-3a60-bd7c-9480b29ac9c9
