world: 6c0b8e13-7fe5-494a-89ec-d539f188501b
x: -1829.4276130459239
y: 114.5
z: -923.8724619861164
yaw: -151.04656982421875
pitch: 81.74995422363281
name: endcity2
lastowner: 3f743a6f-8e8c-3f98-b2f1-6c6b8478cda7
