world: 6c0b8e13-7fe5-494a-89ec-d539f188501b
x: 205.30000001192093
y: 1.0
z: -20.37677663447658
yaw: 179.5484619140625
pitch: 63.60032653808594
name: enderfarmm
lastowner: 3f743a6f-8e8c-3f98-b2f1-6c6b8478cda7
