world: f8244e9d-1dc6-4643-a7dd-7bf60f6d9b03
x: 1315.7540220133608
y: 30.5
z: -552.2891038718861
yaw: -85.9320068359375
pitch: 1.3500674962997437
name: endportal
lastowner: 3f743a6f-8e8c-3f98-b2f1-6c6b8478cda7
