world: 6c0b8e13-7fe5-494a-89ec-d539f188501b
x: -1872.8243101671787
y: 99.0
z: 111.91642161524605
yaw: 1.1900851726531982
pitch: 11.222671508789062
name: endship
lastowner: 35f37d5e-4617-3514-ad3d-d8399ea50532
