world: 2c238bd2-f71b-4c1a-9719-1d97567efd9e
x: 757.0934530904145
y: 67.0
z: -500.5828943664549
yaw: -48.5140380859375
pitch: 43.799949645996094
name: fortress
lastowner: 3f743a6f-8e8c-3f98-b2f1-6c6b8478cda7
