world: 2c238bd2-f71b-4c1a-9719-1d97567efd9e
x: 637.8392472022665
y: 62.0
z: -1184.3689008028664
yaw: -4.717112064361572
pitch: 20.700382232666016
name: fortress2
lastowner: 3f743a6f-8e8c-3f98-b2f1-6c6b8478cda7
