world: f8244e9d-1dc6-4643-a7dd-7bf60f6d9b03
x: 239.30417578854886
y: 74.0
z: -135.90670623548442
yaw: 60.3614501953125
pitch: 47.76845932006836
name: mending
lastowner: 35f37d5e-4617-3514-ad3d-d8399ea50532
