world: 6c0b8e13-7fe5-494a-89ec-d539f188501b
x: -896.9615494071895
y: 62.0
z: 591.8015644778109
yaw: -37.044921875
pitch: 18.900001525878906
name: mini_enderfarm
lastowner: b881e06c-8d18-3a60-bd7c-9480b29ac9c9
