world: f8244e9d-1dc6-4643-a7dd-7bf60f6d9b03
x: -53.74376379014703
y: 64.0
z: 123.05022584746608
yaw: 24.807409286499023
pitch: 25.57497787475586
name: nox
lastowner: ef868698-0517-38d2-b786-34aa5e0da8f1
