world: f8244e9d-1dc6-4643-a7dd-7bf60f6d9b03
x: 1341.1605733337017
y: 72.0
z: -348.06189172547585
yaw: 3.5972900390625
pitch: 3.4500274658203125
name: nyaristronghold
lastowner: 3f743a6f-8e8c-3f98-b2f1-6c6b8478cda7
