world: f8244e9d-1dc6-4643-a7dd-7bf60f6d9b03
x: -1561.489331814405
y: 63.0
z: 458.1812261161562
yaw: 91.87351989746094
pitch: 44.25080490112305
name: reruntuhan
lastowner: 46c053a1-e41c-3cf8-ab6b-ecf75ff48b27
