world: f8244e9d-1dc6-4643-a7dd-7bf60f6d9b03
x: 1306.4242544408628
y: 31.0
z: -505.16888955339897
yaw: -1.7958984375
pitch: 30.899982452392578
name: stronghold\
lastowner: 3f743a6f-8e8c-3f98-b2f1-6c6b8478cda7
