world: f8244e9d-1dc6-4643-a7dd-7bf60f6d9b03
x: -2221.343599427626
y: 62.0
z: 3972.84777607795
yaw: 70.94979095458984
pitch: 16.950117111206055
name: swamp
lastowner: 3f743a6f-8e8c-3f98-b2f1-6c6b8478cda7
