world: 6c0b8e13-7fe5-494a-89ec-d539f188501b
x: -86.63289650574086
y: 58.0
z: 34.556445869494766
yaw: -27.749353408813477
pitch: 0.4500528573989868
name: toendcity1
lastowner: fb5ef5f9-157e-3b16-9d4c-09f6d417b3bd
