world: f8244e9d-1dc6-4643-a7dd-7bf60f6d9b03
x: -356.4722388680748
y: 64.0
z: -5074.971310651084
yaw: -0.5827369093894958
pitch: 14.40001392364502
name: tropicisland
lastowner: 9fdaede8-eb6a-30b9-8446-404faa5dd6dc
