world: f8244e9d-1dc6-4643-a7dd-7bf60f6d9b03
x: -116.16334684728024
y: 65.0
z: -1420.4436504575165
yaw: -76.92536926269531
pitch: 18.449949264526367
name: villagerbreed
lastowner: 3f743a6f-8e8c-3f98-b2f1-6c6b8478cda7
