world: f8244e9d-1dc6-4643-a7dd-7bf60f6d9b03
x: 215.5
y: 62.9375
z: -931.5
yaw: 175.74803161621094
pitch: 22.401453018188477
name: village2
lastowner: 35f37d5e-4617-3514-ad3d-d8399ea50532
