world: f8244e9d-1dc6-4643-a7dd-7bf60f6d9b03
x: 3390.7639780075874
y: 62.9375
z: 6468.334172746571
yaw: 34.766845703125
pitch: -3.9930260181427
name: village3
lastowner: 35f37d5e-4617-3514-ad3d-d8399ea50532
