world: f8244e9d-1dc6-4643-a7dd-7bf60f6d9b03
x: 4463.123495549368
y: 72.0
z: 6661.219279300181
yaw: -67.28541564941406
pitch: 2.264050006866455
name: village4
lastowner: 35f37d5e-4617-3514-ad3d-d8399ea50532
