world: f8244e9d-1dc6-4643-a7dd-7bf60f6d9b03
x: -241.9482194549392
y: 21.0
z: 48.66591275256974
yaw: -2.611900568008423
pitch: 14.027312278747559
name: xpfarm
lastowner: 35f37d5e-4617-3514-ad3d-d8399ea50532
